0 0.2666015625 0.3232421875 0.09765625 0.09765625
0 0.2236328125 0.52734375 0.09765625 0.09765625
0 0.2236328125 0.6171875 0.09765625 0.09765625
0 0.541015625 0.728515625 0.09765625 0.09765625
0 0.6259765625 0.7138671875 0.09765625 0.09765625
0 0.6748046875 0.91796875 0.09765625 0.09765625
0 0.9033203125 0.56640625 0.09765625 0.09765625
0 0.7431640625 0.5771484375 0.09765625 0.09765625
0 0.7822265625 0.470703125 0.09765625 0.09765625
0 0.642578125 0.3505859375 0.09765625 0.09765625
0 0.611328125 0.26171875 0.09765625 0.09765625
0 0.734375 0.361328125 0.09765625 0.09765625
0 0.82421875 0.36328125 0.09765625 0.09765625
0 0.9052734375 0.361328125 0.09765625 0.09765625
0 0.53125 0.513671875 0.09765625 0.09765625
0 0.3203125 0.17578125 0.09765625 0.09765625