0 0.0830078125 0.2958984375 0.09765625 0.09765625
0 0.1748046875 0.3935546875 0.09765625 0.09765625
0 0.3154296875 0.5927734375 0.09765625 0.09765625
0 0.392578125 0.5517578125 0.09765625 0.09765625
0 0.4384765625 0.625 0.09765625 0.09765625
0 0.4501953125 0.46875 0.09765625 0.09765625
0 0.435546875 0.3798828125 0.09765625 0.09765625
0 0.515625 0.408203125 0.09765625 0.09765625
0 0.55859375 0.5712890625 0.09765625 0.09765625
0 0.6220703125 0.6591796875 0.09765625 0.09765625
0 0.9326171875 0.861328125 0.09765625 0.09765625
0 0.861328125 0.65625 0.09765625 0.09765625
0 0.8349609375 0.44140625 0.09765625 0.09765625
0 0.90234375 0.3662109375 0.09765625 0.09765625
0 0.734375 0.259765625 0.09765625 0.09765625
0 0.64453125 0.2548828125 0.09765625 0.09765625
0 0.6201171875 0.3505859375 0.09765625 0.09765625
0 0.7958984375 0.1455078125 0.09765625 0.09765625
0 0.908203125 0.15234375 0.09765625 0.09765625
0 0.21484375 0.216796875 0.09765625 0.09765625
0 0.244140625 0.1181640625 0.09765625 0.09765625