0 0.115234375 0.8466796875 0.09765625 0.09765625
0 0.103515625 0.6708984375 0.09765625 0.09765625
0 0.3427734375 0.6279296875 0.09765625 0.09765625
0 0.3837890625 0.7021484375 0.09765625 0.09765625
0 0.404296875 0.7763671875 0.09765625 0.09765625
0 0.49609375 0.771484375 0.09765625 0.09765625
0 0.4287109375 0.8642578125 0.09765625 0.09765625
0 0.521484375 0.8759765625 0.09765625 0.09765625
0 0.17578125 0.705078125 0.09765625 0.09765625
0 0.2021484375 0.8076171875 0.09765625 0.09765625
0 0.62109375 0.814453125 0.09765625 0.09765625
0 0.607421875 0.90625 0.09765625 0.09765625
0 0.7578125 0.7236328125 0.09765625 0.09765625
0 0.56640625 0.611328125 0.09765625 0.09765625
0 0.78125 0.3740234375 0.09765625 0.09765625
0 0.8798828125 0.3466796875 0.09765625 0.09765625
0 0.62890625 0.2568359375 0.09765625 0.09765625
0 0.8544921875 0.0791015625 0.09765625 0.09765625