0 0.2919921875 0.5263671875 0.09765625 0.09765625
0 0.2998046875 0.6826171875 0.09765625 0.09765625
0 0.494140625 0.822265625 0.09765625 0.09765625
0 0.5703125 0.8505859375 0.09765625 0.09765625
0 0.6298828125 0.90625 0.09765625 0.09765625
0 0.6650390625 0.7021484375 0.09765625 0.09765625
0 0.6015625 0.6484375 0.09765625 0.09765625
0 0.55078125 0.5869140625 0.09765625 0.09765625
0 0.650390625 0.5849609375 0.09765625 0.09765625
0 0.73828125 0.583984375 0.09765625 0.09765625
0 0.6826171875 0.419921875 0.09765625 0.09765625