0 0.3154296875 0.78515625 0.09765625 0.09765625
0 0.1904296875 0.7568359375 0.09765625 0.09765625
0 0.21484375 0.6611328125 0.09765625 0.09765625
0 0.1708984375 0.548828125 0.09765625 0.09765625
0 0.2392578125 0.4912109375 0.09765625 0.09765625
0 0.470703125 0.6318359375 0.09765625 0.09765625
0 0.4228515625 0.7236328125 0.09765625 0.09765625
0 0.7724609375 0.0791015625 0.09765625 0.09765625
0 0.6455078125 0.111328125 0.09765625 0.09765625
0 0.521484375 0.1123046875 0.09765625 0.09765625
0 0.91015625 0.341796875 0.09765625 0.09765625
0 0.8876953125 0.470703125 0.09765625 0.09765625
0 0.7958984375 0.3984375 0.09765625 0.09765625
0 0.80078125 0.478515625 0.09765625 0.09765625
0 0.845703125 0.5517578125 0.09765625 0.09765625
0 0.5302734375 0.53515625 0.09765625 0.09765625
0 0.087890625 0.1611328125 0.09765625 0.09765625
0 0.1748046875 0.1318359375 0.09765625 0.09765625