0 0.3916015625 0.7958984375 0.09765625 0.09765625
0 0.1376953125 0.4384765625 0.09765625 0.09765625
0 0.1103515625 0.55078125 0.09765625 0.09765625
0 0.0859375 0.62890625 0.09765625 0.09765625
0 0.25390625 0.3662109375 0.09765625 0.09765625
0 0.580078125 0.826171875 0.09765625 0.09765625
0 0.6337890625 0.6982421875 0.09765625 0.09765625
0 0.7724609375 0.787109375 0.09765625 0.09765625
0 0.9296875 0.791015625 0.09765625 0.09765625
0 0.7294921875 0.5537109375 0.09765625 0.09765625
0 0.8251953125 0.3798828125 0.09765625 0.09765625
0 0.8134765625 0.3095703125 0.09765625 0.09765625