0 0.3818359375 0.9091796875 0.09765625 0.09765625
0 0.2724609375 0.5146484375 0.09765625 0.09765625
0 0.41796875 0.3388671875 0.09765625 0.09765625
0 0.4814453125 0.529296875 0.09765625 0.09765625
0 0.609375 0.5048828125 0.09765625 0.09765625
0 0.7236328125 0.4912109375 0.09765625 0.09765625
0 0.712890625 0.587890625 0.09765625 0.09765625
0 0.7333984375 0.6953125 0.09765625 0.09765625
0 0.87890625 0.759765625 0.09765625 0.09765625
0 0.8662109375 0.8466796875 0.09765625 0.09765625
0 0.900390625 0.3681640625 0.09765625 0.09765625
0 0.8154296875 0.3515625 0.09765625 0.09765625
0 0.7021484375 0.31640625 0.09765625 0.09765625
0 0.8017578125 0.25 0.09765625 0.09765625
0 0.8720703125 0.2841796875 0.09765625 0.09765625