0 0.4521484375 0.443359375 0.09765625 0.09765625
0 0.3994140625 0.546875 0.09765625 0.09765625
0 0.3203125 0.4609375 0.09765625 0.09765625
0 0.4580078125 0.3388671875 0.09765625 0.09765625
0 0.2333984375 0.5263671875 0.09765625 0.09765625
0 0.2978515625 0.6630859375 0.09765625 0.09765625
0 0.4560546875 0.82421875 0.09765625 0.09765625
0 0.5302734375 0.6044921875 0.09765625 0.09765625
0 0.84375 0.24609375 0.09765625 0.09765625
0 0.900390625 0.30859375 0.09765625 0.09765625
0 0.8447265625 0.3662109375 0.09765625 0.09765625
0 0.732421875 0.439453125 0.09765625 0.09765625
0 0.552734375 0.83203125 0.09765625 0.09765625
0 0.626953125 0.783203125 0.09765625 0.09765625
0 0.6953125 0.8349609375 0.09765625 0.09765625
0 0.6884765625 0.9150390625 0.09765625 0.09765625
0 0.7685546875 0.5625 0.09765625 0.09765625
0 0.568359375 0.1015625 0.09765625 0.09765625
0 0.4873046875 0.091796875 0.09765625 0.09765625
0 0.548828125 0.259765625 0.09765625 0.09765625