0 0.2216796875 0.734375 0.09765625 0.09765625
0 0.08984375 0.6318359375 0.09765625 0.09765625
0 0.09375 0.5400390625 0.09765625 0.09765625
0 0.2919921875 0.68359375 0.09765625 0.09765625
0 0.1318359375 0.70703125 0.09765625 0.09765625
0 0.4482421875 0.359375 0.09765625 0.09765625
0 0.728515625 0.380859375 0.09765625 0.09765625
0 0.7431640625 0.6943359375 0.09765625 0.09765625
0 0.8232421875 0.6455078125 0.09765625 0.09765625
0 0.900390625 0.66796875 0.09765625 0.09765625
0 0.8046875 0.759765625 0.09765625 0.09765625