0 0.345703125 0.8603515625 0.09765625 0.09765625
0 0.2626953125 0.888671875 0.09765625 0.09765625
0 0.126953125 0.87890625 0.09765625 0.09765625
0 0.0693359375 0.8232421875 0.09765625 0.09765625
0 0.0751953125 0.7109375 0.09765625 0.09765625
0 0.1357421875 0.44140625 0.09765625 0.09765625
0 0.1259765625 0.3564453125 0.09765625 0.09765625
0 0.205078125 0.38671875 0.09765625 0.09765625
0 0.2265625 0.470703125 0.09765625 0.09765625
0 0.509765625 0.31640625 0.09765625 0.09765625
0 0.509765625 0.39453125 0.09765625 0.09765625
0 0.884765625 0.3583984375 0.09765625 0.09765625
0 0.5576171875 0.455078125 0.09765625 0.09765625