0 0.2158203125 0.7197265625 0.09765625 0.09765625
0 0.1103515625 0.7470703125 0.09765625 0.09765625
0 0.1015625 0.6630859375 0.09765625 0.09765625
0 0.4326171875 0.841796875 0.09765625 0.09765625
0 0.376953125 0.7578125 0.09765625 0.09765625
0 0.306640625 0.439453125 0.09765625 0.09765625
0 0.4609375 0.4296875 0.09765625 0.09765625
0 0.4892578125 0.345703125 0.09765625 0.09765625
0 0.60546875 0.265625 0.09765625 0.09765625
0 0.6728515625 0.3203125 0.09765625 0.09765625
0 0.6201171875 0.38671875 0.09765625 0.09765625
0 0.71484375 0.3974609375 0.09765625 0.09765625
0 0.6064453125 0.5595703125 0.09765625 0.09765625
0 0.640625 0.8115234375 0.09765625 0.09765625
0 0.3720703125 0.1435546875 0.09765625 0.09765625