0 0.4306640625 0.61328125 0.09765625 0.09765625
0 0.2333984375 0.5771484375 0.09765625 0.09765625
0 0.1552734375 0.564453125 0.09765625 0.09765625
0 0.3408203125 0.6865234375 0.09765625 0.09765625
0 0.474609375 0.4658203125 0.09765625 0.09765625
0 0.2958984375 0.375 0.09765625 0.09765625
0 0.5908203125 0.47265625 0.09765625 0.09765625
0 0.6318359375 0.54296875 0.09765625 0.09765625
0 0.6513671875 0.9052734375 0.09765625 0.09765625
0 0.845703125 0.5712890625 0.09765625 0.09765625
0 0.828125 0.37890625 0.09765625 0.09765625