0 0.3916015625 0.462890625 0.09765625 0.09765625
0 0.33203125 0.783203125 0.09765625 0.09765625
0 0.548828125 0.8515625 0.09765625 0.09765625
0 0.708984375 0.837890625 0.09765625 0.09765625
0 0.7626953125 0.6650390625 0.09765625 0.09765625
0 0.8671875 0.6552734375 0.09765625 0.09765625
0 0.884765625 0.2880859375 0.09765625 0.09765625
0 0.646484375 0.2451171875 0.09765625 0.09765625
0 0.6005859375 0.1689453125 0.09765625 0.09765625
0 0.4345703125 0.083984375 0.09765625 0.09765625
0 0.115234375 0.1162109375 0.09765625 0.09765625