0 0.0859375 0.7177734375 0.09765625 0.09765625
0 0.068359375 0.62890625 0.09765625 0.09765625
0 0.205078125 0.5205078125 0.09765625 0.09765625
0 0.20703125 0.4091796875 0.09765625 0.09765625
0 0.3359375 0.3759765625 0.09765625 0.09765625
0 0.5166015625 0.4580078125 0.09765625 0.09765625
0 0.494140625 0.59765625 0.09765625 0.09765625
0 0.5380859375 0.7529296875 0.09765625 0.09765625
0 0.6669921875 0.8037109375 0.09765625 0.09765625
0 0.6240234375 0.6650390625 0.09765625 0.09765625
0 0.6484375 0.5546875 0.09765625 0.09765625
0 0.615234375 0.421875 0.09765625 0.09765625
0 0.615234375 0.205078125 0.09765625 0.09765625