0 0.099609375 0.8466796875 0.09765625 0.09765625
0 0.2763671875 0.828125 0.09765625 0.09765625
0 0.375 0.8427734375 0.09765625 0.09765625
0 0.4833984375 0.798828125 0.09765625 0.09765625
0 0.505859375 0.69921875 0.09765625 0.09765625
0 0.2958984375 0.662109375 0.09765625 0.09765625
0 0.1044921875 0.5732421875 0.09765625 0.09765625
0 0.1435546875 0.4990234375 0.09765625 0.09765625
0 0.1337890625 0.40234375 0.09765625 0.09765625
0 0.236328125 0.3115234375 0.09765625 0.09765625
0 0.3330078125 0.3076171875 0.09765625 0.09765625
0 0.5712890625 0.630859375 0.09765625 0.09765625
0 0.6689453125 0.6435546875 0.09765625 0.09765625
0 0.6904296875 0.7099609375 0.09765625 0.09765625
0 0.5908203125 0.7822265625 0.09765625 0.09765625
0 0.7685546875 0.654296875 0.09765625 0.09765625
0 0.9345703125 0.8212890625 0.09765625 0.09765625
0 0.837890625 0.3671875 0.09765625 0.09765625
0 0.560546875 0.224609375 0.09765625 0.09765625
0 0.9345703125 0.115234375 0.09765625 0.09765625
0 0.357421875 0.2138671875 0.09765625 0.09765625