0 0.1806640625 0.7802734375 0.09765625 0.09765625
0 0.318359375 0.62109375 0.09765625 0.09765625
0 0.1826171875 0.5576171875 0.09765625 0.09765625
0 0.091796875 0.5302734375 0.09765625 0.09765625
0 0.2841796875 0.388671875 0.09765625 0.09765625
0 0.5712890625 0.888671875 0.09765625 0.09765625
0 0.72265625 0.9267578125 0.09765625 0.09765625
0 0.8369140625 0.8134765625 0.09765625 0.09765625
0 0.7119140625 0.6982421875 0.09765625 0.09765625
0 0.5859375 0.591796875 0.09765625 0.09765625
0 0.7607421875 0.53515625 0.09765625 0.09765625
0 0.8837890625 0.55859375 0.09765625 0.09765625
0 0.7294921875 0.3388671875 0.09765625 0.09765625
0 0.7119140625 0.248046875 0.09765625 0.09765625
0 0.6162109375 0.0703125 0.09765625 0.09765625
0 0.6142578125 0.1611328125 0.09765625 0.09765625
0 0.5244140625 0.08984375 0.09765625 0.09765625
0 0.3876953125 0.1982421875 0.09765625 0.09765625