0 0.2998046875 0.658203125 0.09765625 0.09765625
0 0.150390625 0.556640625 0.09765625 0.09765625
0 0.25390625 0.568359375 0.09765625 0.09765625
0 0.23046875 0.3876953125 0.09765625 0.09765625
0 0.2294921875 0.2890625 0.09765625 0.09765625
0 0.3291015625 0.3251953125 0.09765625 0.09765625
0 0.1923828125 0.4912109375 0.09765625 0.09765625
0 0.5087890625 0.576171875 0.09765625 0.09765625
0 0.626953125 0.5009765625 0.09765625 0.09765625
0 0.75 0.6005859375 0.09765625 0.09765625
0 0.708984375 0.7138671875 0.09765625 0.09765625
0 0.587890625 0.7607421875 0.09765625 0.09765625
0 0.6728515625 0.8095703125 0.09765625 0.09765625
0 0.732421875 0.0908203125 0.09765625 0.09765625
0 0.322265625 0.189453125 0.09765625 0.09765625
0 0.2294921875 0.205078125 0.09765625 0.09765625
0 0.2666015625 0.1044921875 0.09765625 0.09765625
0 0.1826171875 0.099609375 0.09765625 0.09765625