0 0.4384765625 0.859375 0.09765625 0.09765625
0 0.373046875 0.8046875 0.09765625 0.09765625
0 0.279296875 0.783203125 0.09765625 0.09765625
0 0.4453125 0.6708984375 0.09765625 0.09765625
0 0.3583984375 0.5078125 0.09765625 0.09765625
0 0.17578125 0.5166015625 0.09765625 0.09765625
0 0.216796875 0.349609375 0.09765625 0.09765625
0 0.283203125 0.3935546875 0.09765625 0.09765625
0 0.6494140625 0.7958984375 0.09765625 0.09765625
0 0.5322265625 0.6181640625 0.09765625 0.09765625
0 0.5791015625 0.490234375 0.09765625 0.09765625
0 0.5537109375 0.40234375 0.09765625 0.09765625
0 0.6220703125 0.3369140625 0.09765625 0.09765625
0 0.9130859375 0.6455078125 0.09765625 0.09765625
0 0.755859375 0.654296875 0.09765625 0.09765625
0 0.083984375 0.103515625 0.09765625 0.09765625