0 0.0693359375 0.8017578125 0.09765625 0.09765625
0 0.234375 0.544921875 0.09765625 0.09765625
0 0.2578125 0.3994140625 0.09765625 0.09765625
0 0.4111328125 0.4404296875 0.09765625 0.09765625
0 0.2861328125 0.3056640625 0.09765625 0.09765625
0 0.3701171875 0.8916015625 0.09765625 0.09765625
0 0.6728515625 0.2666015625 0.09765625 0.09765625
0 0.552734375 0.818359375 0.09765625 0.09765625
0 0.732421875 0.6484375 0.09765625 0.09765625
0 0.755859375 0.7734375 0.09765625 0.09765625
0 0.77734375 0.8583984375 0.09765625 0.09765625
0 0.8505859375 0.8115234375 0.09765625 0.09765625
0 0.50390625 0.15625 0.09765625 0.09765625
0 0.4345703125 0.119140625 0.09765625 0.09765625
0 0.54296875 0.0810546875 0.09765625 0.09765625