0 0.2001953125 0.7060546875 0.09765625 0.09765625
0 0.2763671875 0.658203125 0.09765625 0.09765625
0 0.3203125 0.484375 0.09765625 0.09765625
0 0.19921875 0.447265625 0.09765625 0.09765625
0 0.1826171875 0.3671875 0.09765625 0.09765625
0 0.2705078125 0.3759765625 0.09765625 0.09765625
0 0.4013671875 0.275390625 0.09765625 0.09765625
0 0.12890625 0.666015625 0.09765625 0.09765625
0 0.1103515625 0.751953125 0.09765625 0.09765625
0 0.09375 0.83203125 0.09765625 0.09765625
0 0.1435546875 0.90234375 0.09765625 0.09765625
0 0.638671875 0.2587890625 0.09765625 0.09765625
0 0.5732421875 0.48828125 0.09765625 0.09765625
0 0.3720703125 0.203125 0.09765625 0.09765625