0 0.12109375 0.9130859375 0.09765625 0.09765625
0 0.373046875 0.818359375 0.09765625 0.09765625
0 0.400390625 0.6884765625 0.09765625 0.09765625
0 0.3486328125 0.607421875 0.09765625 0.09765625
0 0.23828125 0.58203125 0.09765625 0.09765625
0 0.3779296875 0.4609375 0.09765625 0.09765625
0 0.310546875 0.3310546875 0.09765625 0.09765625
0 0.576171875 0.8115234375 0.09765625 0.09765625
0 0.6220703125 0.697265625 0.09765625 0.09765625
0 0.720703125 0.6953125 0.09765625 0.09765625
0 0.69140625 0.6279296875 0.09765625 0.09765625
0 0.818359375 0.685546875 0.09765625 0.09765625
0 0.8876953125 0.744140625 0.09765625 0.09765625
0 0.7451171875 0.5107421875 0.09765625 0.09765625
0 0.59375 0.4599609375 0.09765625 0.09765625
0 0.599609375 0.1552734375 0.09765625 0.09765625
0 0.9130859375 0.14453125 0.09765625 0.09765625