0 0.3603515625 0.568359375 0.09765625 0.09765625
0 0.2734375 0.623046875 0.09765625 0.09765625
0 0.3623046875 0.8994140625 0.09765625 0.09765625
0 0.138671875 0.826171875 0.09765625 0.09765625
0 0.0732421875 0.8984375 0.09765625 0.09765625
0 0.162109375 0.28515625 0.09765625 0.09765625
0 0.4560546875 0.3046875 0.09765625 0.09765625
0 0.6796875 0.46875 0.09765625 0.09765625
0 0.5947265625 0.5166015625 0.09765625 0.09765625
0 0.70703125 0.58203125 0.09765625 0.09765625
0 0.8896484375 0.4599609375 0.09765625 0.09765625
0 0.76171875 0.3671875 0.09765625 0.09765625
0 0.716796875 0.7724609375 0.09765625 0.09765625
0 0.6494140625 0.8193359375 0.09765625 0.09765625
0 0.1201171875 0.0888671875 0.09765625 0.09765625
0 0.203125 0.1357421875 0.09765625 0.09765625
0 0.28125 0.166015625 0.09765625 0.09765625
0 0.3447265625 0.2412109375 0.09765625 0.09765625
0 0.4248046875 0.2177734375 0.09765625 0.09765625