0 0.5 0.4111328125 0.09765625 0.09765625
0 0.3134765625 0.2744140625 0.09765625 0.09765625
0 0.2939453125 0.4091796875 0.09765625 0.09765625
0 0.2314453125 0.4736328125 0.09765625 0.09765625
0 0.345703125 0.4873046875 0.09765625 0.09765625
0 0.4189453125 0.5361328125 0.09765625 0.09765625
0 0.2451171875 0.5693359375 0.09765625 0.09765625
0 0.1630859375 0.5947265625 0.09765625 0.09765625
0 0.1005859375 0.728515625 0.09765625 0.09765625
0 0.0771484375 0.8232421875 0.09765625 0.09765625
0 0.4921875 0.765625 0.09765625 0.09765625
0 0.5791015625 0.7470703125 0.09765625 0.09765625
0 0.5888671875 0.65625 0.09765625 0.09765625
0 0.568359375 0.4892578125 0.09765625 0.09765625
0 0.3193359375 0.181640625 0.09765625 0.09765625
0 0.3349609375 0.08984375 0.09765625 0.09765625
0 0.2099609375 0.0771484375 0.09765625 0.09765625