0 0.4169921875 0.6689453125 0.09765625 0.09765625
0 0.3466796875 0.7099609375 0.09765625 0.09765625
0 0.361328125 0.791015625 0.09765625 0.09765625
0 0.23046875 0.880859375 0.09765625 0.09765625
0 0.2451171875 0.5361328125 0.09765625 0.09765625
0 0.65625 0.619140625 0.09765625 0.09765625
0 0.806640625 0.4970703125 0.09765625 0.09765625
0 0.6552734375 0.3974609375 0.09765625 0.09765625
0 0.8984375 0.599609375 0.09765625 0.09765625
0 0.8623046875 0.90234375 0.09765625 0.09765625
0 0.767578125 0.87109375 0.09765625 0.09765625
0 0.728515625 0.931640625 0.09765625 0.09765625
0 0.1572265625 0.236328125 0.09765625 0.09765625
0 0.310546875 0.2353515625 0.09765625 0.09765625
0 0.3857421875 0.2626953125 0.09765625 0.09765625
0 0.474609375 0.23046875 0.09765625 0.09765625