0 0.451171875 0.6328125 0.09765625 0.09765625
0 0.375 0.673828125 0.09765625 0.09765625
0 0.2978515625 0.615234375 0.09765625 0.09765625
0 0.296875 0.509765625 0.09765625 0.09765625
0 0.2158203125 0.572265625 0.09765625 0.09765625
0 0.193359375 0.482421875 0.09765625 0.09765625
0 0.0859375 0.41015625 0.09765625 0.09765625
0 0.1220703125 0.3125 0.09765625 0.09765625
0 0.2861328125 0.3623046875 0.09765625 0.09765625
0 0.3994140625 0.54296875 0.09765625 0.09765625
0 0.494140625 0.5615234375 0.09765625 0.09765625
0 0.619140625 0.7255859375 0.09765625 0.09765625
0 0.546875 0.6640625 0.09765625 0.09765625
0 0.6259765625 0.6357421875 0.09765625 0.09765625
0 0.1005859375 0.0703125 0.09765625 0.09765625
0 0.3642578125 0.1357421875 0.09765625 0.09765625