0 0.1923828125 0.6435546875 0.09765625 0.09765625
0 0.2998046875 0.650390625 0.09765625 0.09765625
0 0.2451171875 0.5859375 0.09765625 0.09765625
0 0.3046875 0.521484375 0.09765625 0.09765625
0 0.3701171875 0.59765625 0.09765625 0.09765625
0 0.3759765625 0.681640625 0.09765625 0.09765625
0 0.466796875 0.587890625 0.09765625 0.09765625
0 0.376953125 0.287109375 0.09765625 0.09765625
0 0.7197265625 0.6591796875 0.09765625 0.09765625
0 0.8896484375 0.4873046875 0.09765625 0.09765625
0 0.560546875 0.16796875 0.09765625 0.09765625