0 0.1318359375 0.703125 0.09765625 0.09765625
0 0.1044921875 0.7783203125 0.09765625 0.09765625
0 0.263671875 0.771484375 0.09765625 0.09765625
0 0.4423828125 0.5126953125 0.09765625 0.09765625
0 0.236328125 0.3125 0.09765625 0.09765625
0 0.6044921875 0.484375 0.09765625 0.09765625
0 0.599609375 0.41015625 0.09765625 0.09765625
0 0.712890625 0.373046875 0.09765625 0.09765625
0 0.5771484375 0.3134765625 0.09765625 0.09765625
0 0.537109375 0.23828125 0.09765625 0.09765625
0 0.607421875 0.185546875 0.09765625 0.09765625
0 0.876953125 0.119140625 0.09765625 0.09765625
0 0.4580078125 0.1259765625 0.09765625 0.09765625
0 0.3603515625 0.1416015625 0.09765625 0.09765625
0 0.26953125 0.1796875 0.09765625 0.09765625
0 0.3115234375 0.2666015625 0.09765625 0.09765625