0 0.2041015625 0.677734375 0.09765625 0.09765625
0 0.189453125 0.513671875 0.09765625 0.09765625
0 0.1123046875 0.537109375 0.09765625 0.09765625
0 0.1025390625 0.447265625 0.09765625 0.09765625
0 0.302734375 0.353515625 0.09765625 0.09765625
0 0.4521484375 0.353515625 0.09765625 0.09765625
0 0.5546875 0.2568359375 0.09765625 0.09765625
0 0.69140625 0.2958984375 0.09765625 0.09765625
0 0.791015625 0.5068359375 0.09765625 0.09765625
0 0.5576171875 0.4697265625 0.09765625 0.09765625
0 0.5712890625 0.67578125 0.09765625 0.09765625