0 0.130859375 0.5625 0.09765625 0.09765625
0 0.2734375 0.5576171875 0.09765625 0.09765625
0 0.2822265625 0.6455078125 0.09765625 0.09765625
0 0.3388671875 0.71875 0.09765625 0.09765625
0 0.4306640625 0.703125 0.09765625 0.09765625
0 0.51171875 0.439453125 0.09765625 0.09765625
0 0.73046875 0.9326171875 0.09765625 0.09765625
0 0.5703125 0.896484375 0.09765625 0.09765625
0 0.666015625 0.646484375 0.09765625 0.09765625
0 0.54296875 0.30078125 0.09765625 0.09765625
0 0.791015625 0.4013671875 0.09765625 0.09765625
0 0.869140625 0.4326171875 0.09765625 0.09765625
0 0.9091796875 0.59375 0.09765625 0.09765625
0 0.7099609375 0.1923828125 0.09765625 0.09765625
0 0.900390625 0.078125 0.09765625 0.09765625
0 0.0693359375 0.234375 0.09765625 0.09765625
0 0.1064453125 0.1357421875 0.09765625 0.09765625