0 0.3486328125 0.7431640625 0.09765625 0.09765625
0 0.4501953125 0.6611328125 0.09765625 0.09765625
0 0.478515625 0.578125 0.09765625 0.09765625
0 0.46875 0.4765625 0.09765625 0.09765625
0 0.37109375 0.4775390625 0.09765625 0.09765625
0 0.4658203125 0.3837890625 0.09765625 0.09765625
0 0.365234375 0.337890625 0.09765625 0.09765625
0 0.6025390625 0.2841796875 0.09765625 0.09765625
0 0.5615234375 0.1337890625 0.09765625 0.09765625
0 0.7333984375 0.5107421875 0.09765625 0.09765625
0 0.7822265625 0.826171875 0.09765625 0.09765625
0 0.8642578125 0.4658203125 0.09765625 0.09765625
0 0.470703125 0.072265625 0.09765625 0.09765625
0 0.384765625 0.091796875 0.09765625 0.09765625