0 0.2861328125 0.720703125 0.09765625 0.09765625
0 0.2783203125 0.638671875 0.09765625 0.09765625
0 0.3583984375 0.6572265625 0.09765625 0.09765625
0 0.2880859375 0.4990234375 0.09765625 0.09765625
0 0.234375 0.3935546875 0.09765625 0.09765625
0 0.14453125 0.3427734375 0.09765625 0.09765625
0 0.7724609375 0.6630859375 0.09765625 0.09765625
0 0.556640625 0.5107421875 0.09765625 0.09765625
0 0.650390625 0.509765625 0.09765625 0.09765625
0 0.7236328125 0.4873046875 0.09765625 0.09765625
0 0.8408203125 0.4384765625 0.09765625 0.09765625
0 0.6552734375 0.4140625 0.09765625 0.09765625
0 0.6181640625 0.3330078125 0.09765625 0.09765625
0 0.68359375 0.2861328125 0.09765625 0.09765625
0 0.689453125 0.150390625 0.09765625 0.09765625
0 0.1943359375 0.263671875 0.09765625 0.09765625
0 0.2666015625 0.2255859375 0.09765625 0.09765625
0 0.2490234375 0.138671875 0.09765625 0.09765625