0 0.181640625 0.5263671875 0.09765625 0.09765625
0 0.3203125 0.5283203125 0.09765625 0.09765625
0 0.4072265625 0.5498046875 0.09765625 0.09765625
0 0.3017578125 0.310546875 0.09765625 0.09765625
0 0.6015625 0.767578125 0.09765625 0.09765625
0 0.8046875 0.8876953125 0.09765625 0.09765625
0 0.7939453125 0.5546875 0.09765625 0.09765625
0 0.86328125 0.451171875 0.09765625 0.09765625
0 0.787109375 0.4130859375 0.09765625 0.09765625
0 0.7392578125 0.3408203125 0.09765625 0.09765625
0 0.8515625 0.3623046875 0.09765625 0.09765625
0 0.859375 0.2783203125 0.09765625 0.09765625
0 0.9111328125 0.2216796875 0.09765625 0.09765625
0 0.927734375 0.13671875 0.09765625 0.09765625
0 0.087890625 0.1318359375 0.09765625 0.09765625