0 0.1552734375 0.8544921875 0.09765625 0.09765625
0 0.3486328125 0.701171875 0.09765625 0.09765625
0 0.4423828125 0.4033203125 0.09765625 0.09765625
0 0.123046875 0.578125 0.09765625 0.09765625
0 0.6689453125 0.3876953125 0.09765625 0.09765625
0 0.587890625 0.341796875 0.09765625 0.09765625
0 0.5185546875 0.2568359375 0.09765625 0.09765625
0 0.4892578125 0.1826171875 0.09765625 0.09765625
0 0.6787109375 0.560546875 0.09765625 0.09765625
0 0.671875 0.6943359375 0.09765625 0.09765625
0 0.58984375 0.748046875 0.09765625 0.09765625
0 0.8193359375 0.796875 0.09765625 0.09765625