0 0.115234375 0.3935546875 0.09765625 0.09765625
0 0.177734375 0.48046875 0.09765625 0.09765625
0 0.458984375 0.3876953125 0.09765625 0.09765625
0 0.48828125 0.3076171875 0.09765625 0.09765625
0 0.5703125 0.3466796875 0.09765625 0.09765625
0 0.6015625 0.267578125 0.09765625 0.09765625
0 0.8359375 0.4775390625 0.09765625 0.09765625
0 0.9306640625 0.4130859375 0.09765625 0.09765625
0 0.9208984375 0.3359375 0.09765625 0.09765625
0 0.7724609375 0.66015625 0.09765625 0.09765625
0 0.7001953125 0.87890625 0.09765625 0.09765625
0 0.654296875 0.77734375 0.09765625 0.09765625
0 0.6630859375 0.1357421875 0.09765625 0.09765625
0 0.1318359375 0.25 0.09765625 0.09765625
0 0.306640625 0.07421875 0.09765625 0.09765625