0 0.078125 0.91796875 0.09765625 0.09765625
0 0.181640625 0.8330078125 0.09765625 0.09765625
0 0.0869140625 0.6318359375 0.09765625 0.09765625
0 0.1796875 0.5849609375 0.09765625 0.09765625
0 0.26953125 0.48046875 0.09765625 0.09765625
0 0.53125 0.4013671875 0.09765625 0.09765625
0 0.513671875 0.486328125 0.09765625 0.09765625
0 0.5986328125 0.4912109375 0.09765625 0.09765625
0 0.6103515625 0.4091796875 0.09765625 0.09765625
0 0.6884765625 0.4990234375 0.09765625 0.09765625
0 0.6591796875 0.6689453125 0.09765625 0.09765625
0 0.806640625 0.6181640625 0.09765625 0.09765625
0 0.7216796875 0.849609375 0.09765625 0.09765625