0 0.3818359375 0.53125 0.09765625 0.09765625
0 0.181640625 0.6015625 0.09765625 0.09765625
0 0.330078125 0.666015625 0.09765625 0.09765625
0 0.4140625 0.6806640625 0.09765625 0.09765625
0 0.4541015625 0.7470703125 0.09765625 0.09765625
0 0.7490234375 0.458984375 0.09765625 0.09765625
0 0.6650390625 0.5595703125 0.09765625 0.09765625
0 0.560546875 0.654296875 0.09765625 0.09765625
0 0.7412109375 0.7900390625 0.09765625 0.09765625
0 0.8173828125 0.8095703125 0.09765625 0.09765625
0 0.8017578125 0.8828125 0.09765625 0.09765625
0 0.8876953125 0.92578125 0.09765625 0.09765625