0 0.140625 0.77734375 0.09765625 0.09765625
0 0.2578125 0.599609375 0.09765625 0.09765625
0 0.171875 0.28125 0.09765625 0.09765625
0 0.27734375 0.271484375 0.09765625 0.09765625
0 0.6337890625 0.861328125 0.09765625 0.09765625
0 0.677734375 0.751953125 0.09765625 0.09765625
0 0.5478515625 0.5322265625 0.09765625 0.09765625
0 0.75 0.642578125 0.09765625 0.09765625
0 0.828125 0.6357421875 0.09765625 0.09765625
0 0.7685546875 0.56640625 0.09765625 0.09765625
0 0.7197265625 0.46484375 0.09765625 0.09765625
0 0.8916015625 0.4892578125 0.09765625 0.09765625
0 0.921875 0.41015625 0.09765625 0.09765625
0 0.6083984375 0.318359375 0.09765625 0.09765625
0 0.490234375 0.2001953125 0.09765625 0.09765625
0 0.5400390625 0.10546875 0.09765625 0.09765625
0 0.6279296875 0.08984375 0.09765625 0.09765625
0 0.693359375 0.1474609375 0.09765625 0.09765625
0 0.802734375 0.103515625 0.09765625 0.09765625
0 0.412109375 0.1474609375 0.09765625 0.09765625
0 0.236328125 0.134765625 0.09765625 0.09765625
0 0.109375 0.1748046875 0.09765625 0.09765625