0 0.4169921875 0.66015625 0.09765625 0.09765625
0 0.2998046875 0.6474609375 0.09765625 0.09765625
0 0.21484375 0.5849609375 0.09765625 0.09765625
0 0.125 0.5986328125 0.09765625 0.09765625
0 0.162109375 0.5146484375 0.09765625 0.09765625
0 0.0986328125 0.4677734375 0.09765625 0.09765625
0 0.08203125 0.8515625 0.09765625 0.09765625
0 0.1337890625 0.9208984375 0.09765625 0.09765625
0 0.5263671875 0.3671875 0.09765625 0.09765625
0 0.0888671875 0.2529296875 0.09765625 0.09765625
0 0.275390625 0.171875 0.09765625 0.09765625
0 0.4560546875 0.15625 0.09765625 0.09765625
0 0.552734375 0.18359375 0.09765625 0.09765625