0 0.267578125 0.4521484375 0.09765625 0.09765625
0 0.2958984375 0.5263671875 0.09765625 0.09765625
0 0.1904296875 0.505859375 0.09765625 0.09765625
0 0.1435546875 0.57421875 0.09765625 0.09765625
0 0.0751953125 0.52734375 0.09765625 0.09765625
0 0.1103515625 0.646484375 0.09765625 0.09765625
0 0.17578125 0.6943359375 0.09765625 0.09765625
0 0.2041015625 0.62890625 0.09765625 0.09765625
0 0.4765625 0.5810546875 0.09765625 0.09765625
0 0.716796875 0.1337890625 0.09765625 0.09765625
0 0.5654296875 0.4296875 0.09765625 0.09765625
0 0.48828125 0.40234375 0.09765625 0.09765625
0 0.630859375 0.5009765625 0.09765625 0.09765625
0 0.5751953125 0.560546875 0.09765625 0.09765625