0 0.1298828125 0.8857421875 0.09765625 0.09765625
0 0.0810546875 0.7568359375 0.09765625 0.09765625
0 0.228515625 0.6455078125 0.09765625 0.09765625
0 0.3291015625 0.6005859375 0.09765625 0.09765625
0 0.4423828125 0.6279296875 0.09765625 0.09765625
0 0.5009765625 0.4501953125 0.09765625 0.09765625
0 0.1396484375 0.328125 0.09765625 0.09765625
0 0.2119140625 0.3134765625 0.09765625 0.09765625
0 0.2880859375 0.2841796875 0.09765625 0.09765625
0 0.564453125 0.3232421875 0.09765625 0.09765625
0 0.5673828125 0.4072265625 0.09765625 0.09765625
0 0.66015625 0.3876953125 0.09765625 0.09765625
0 0.5322265625 0.544921875 0.09765625 0.09765625
0 0.5361328125 0.697265625 0.09765625 0.09765625
0 0.619140625 0.916015625 0.09765625 0.09765625
0 0.1083984375 0.2451171875 0.09765625 0.09765625