0 0.1396484375 0.90234375 0.09765625 0.09765625
0 0.2265625 0.9169921875 0.09765625 0.09765625
0 0.3154296875 0.9140625 0.09765625 0.09765625
0 0.3271484375 0.830078125 0.09765625 0.09765625
0 0.248046875 0.8359375 0.09765625 0.09765625
0 0.3642578125 0.5302734375 0.09765625 0.09765625
0 0.4384765625 0.55859375 0.09765625 0.09765625
0 0.6259765625 0.77734375 0.09765625 0.09765625
0 0.55078125 0.5634765625 0.09765625 0.09765625
0 0.626953125 0.4521484375 0.09765625 0.09765625
0 0.7470703125 0.2119140625 0.09765625 0.09765625
0 0.59375 0.1767578125 0.09765625 0.09765625
0 0.5126953125 0.1513671875 0.09765625 0.09765625
0 0.5947265625 0.0908203125 0.09765625 0.09765625