0 0.291015625 0.83984375 0.09765625 0.09765625
0 0.4228515625 0.7626953125 0.09765625 0.09765625
0 0.4248046875 0.634765625 0.09765625 0.09765625
0 0.1220703125 0.3701171875 0.09765625 0.09765625
0 0.1162109375 0.271484375 0.09765625 0.09765625
0 0.1923828125 0.2998046875 0.09765625 0.09765625
0 0.2626953125 0.3427734375 0.09765625 0.09765625
0 0.388671875 0.287109375 0.09765625 0.09765625
0 0.46875 0.2998046875 0.09765625 0.09765625
0 0.5107421875 0.234375 0.09765625 0.09765625
0 0.6435546875 0.2490234375 0.09765625 0.09765625
0 0.62109375 0.3369140625 0.09765625 0.09765625
0 0.53125 0.3603515625 0.09765625 0.09765625
0 0.7099609375 0.6669921875 0.09765625 0.09765625
0 0.7451171875 0.7646484375 0.09765625 0.09765625
0 0.8046875 0.8251953125 0.09765625 0.09765625
0 0.8447265625 0.8935546875 0.09765625 0.09765625
0 0.560546875 0.181640625 0.09765625 0.09765625
0 0.6259765625 0.138671875 0.09765625 0.09765625
0 0.8603515625 0.20703125 0.09765625 0.09765625
0 0.310546875 0.267578125 0.09765625 0.09765625
0 0.232421875 0.2333984375 0.09765625 0.09765625