0 0.3212890625 0.7861328125 0.09765625 0.09765625
0 0.38671875 0.7138671875 0.09765625 0.09765625
0 0.2099609375 0.7099609375 0.09765625 0.09765625
0 0.1689453125 0.634765625 0.09765625 0.09765625
0 0.228515625 0.564453125 0.09765625 0.09765625
0 0.2041015625 0.4765625 0.09765625 0.09765625
0 0.3212890625 0.4853515625 0.09765625 0.09765625
0 0.3271484375 0.5703125 0.09765625 0.09765625
0 0.48828125 0.3427734375 0.09765625 0.09765625
0 0.6484375 0.224609375 0.09765625 0.09765625
0 0.6103515625 0.2958984375 0.09765625 0.09765625
0 0.5712890625 0.4296875 0.09765625 0.09765625
0 0.6455078125 0.384765625 0.09765625 0.09765625
0 0.7158203125 0.578125 0.09765625 0.09765625
0 0.662109375 0.1064453125 0.09765625 0.09765625